     0/199        0G   0.07358   0.03092   0.01769    0.1222        54       640    0.5558    0.6172    0.5457    0.2008   0.05243   0.01643  0.006228
     1/199        0G   0.05169   0.02007  0.007198   0.07895        73       640    0.8412     0.741    0.8048    0.4313   0.03987   0.01403  0.004633
     2/199        0G   0.04551   0.01897  0.005839   0.07032        37       640    0.8417    0.7464    0.8107    0.4297   0.03817   0.01451  0.006451
     3/199        0G   0.04061   0.01869  0.005735   0.06503        69       640    0.9044    0.7659    0.8528    0.5243   0.03293   0.01365  0.005352
     4/199        0G    0.0366    0.0183  0.005285   0.06019        44       640    0.9082    0.8164    0.8719    0.5504   0.03132    0.0133  0.003841
     5/199        0G   0.03474   0.01742  0.004864   0.05702        56       640    0.9077    0.8275    0.8821     0.561   0.03075   0.01306  0.003675
     6/199        0G   0.03356   0.01709   0.00447   0.05511        75       640     0.898     0.824    0.8755    0.5436   0.03056     0.013  0.004916
     7/199        0G   0.03293   0.01684  0.004077   0.05385        51       640    0.9193    0.8295    0.8873    0.5752   0.02976    0.0125  0.003808
     8/199        0G   0.03238   0.01644  0.004068   0.05289        44       640    0.9065    0.8373    0.8826    0.5656   0.02979   0.01287  0.003639
     9/199        0G   0.03165   0.01654  0.004021   0.05222        53       640     0.922    0.8456     0.892    0.5868   0.02856   0.01239  0.003365
    10/199        0G   0.03125   0.01609  0.003719   0.05106        56       640    0.9283    0.8163    0.8893    0.5837   0.02908   0.01266  0.004207
    11/199        0G   0.03133   0.01641  0.003748   0.05149        34       640     0.902    0.8462    0.8876    0.5892   0.02867   0.01256  0.003771
